;ROWS REPRESENT EVENT TRIGGERS								COLUMNS REPRESENT TRIGGERED EVENTS
;             Eg. City under attack,Distant Battle,General Request,Great Festival,Construction Project,Famine Relief,Threat,Eg. City falls,Foreign city conquered,Trade available,Trade shuts down,Trade city under siege,Eg. City saved,Distant Battle won,Distant battle lost,Acknowledgement,Pharaoh Attacks,Eg. Army attacks,Foreign army attacks,Kingdom increase,Kingdom decrease,Demand increase,Demand decrease,Price increase,Price decrease,Wage increase,Wage decrease,Earthquake,(revolt),stormy seas,sandstorm,cont. water,gold mine collapse,Gift,,,,,,,,,
0,Eg. City under attack - comply,{,4,1,1,1,1,1,3,1,1,0,1,1,0,1,1,3,2,2,1,0,2,1,1,1,1,1,1,3,3,3,3,3,3,3,3,0,},,,,,,,,
1,Eg. City under attack - lose,{,0,1,1,1,1,1,3,0,1,1,0,1,2,1,1,3,0,0,1,2,0,1,1,1,1,1,1,3,3,3,3,3,3,3,3,2,},,,,,,,,
2,Eg. City under attack - too late,{,0,1,1,1,1,2,1,0,1,1,0,0,2,1,1,3,0,0,1,2,0,1,1,1,1,1,1,3,3,3,3,3,3,3,3,2,},,,,,,,,
3,Eg. City under attack - refuse,{,0,1,1,1,1,2,1,0,1,1,0,0,2,1,1,3,0,0,1,2,0,1,1,1,1,1,1,3,3,3,3,3,3,3,3,2,},,,,,,,,
4,Distant Battle - comply,{,1,4,1,1,1,1,3,1,0,0,1,1,1,0,3,3,2,2,0,0,3,3,3,3,3,3,3,3,3,3,3,3,3,3,3,0,},,,,,,,,
5,Distant Battle - lose,{,1,0,1,1,1,1,3,0,2,1,1,1,1,2,0,3,0,0,1,2,0,1,1,1,1,1,1,3,3,3,3,3,3,3,3,2,},,,,,,,,
6,Distant Battle - too late,{,1,0,1,1,1,1,3,0,2,1,1,1,1,2,0,3,0,0,1,2,0,1,1,1,1,1,1,3,3,3,3,3,3,3,3,2,},,,,,,,,
7,Distant Battle - refuse,{,1,0,1,1,1,1,3,0,2,1,1,1,1,2,0,3,0,0,1,2,0,1,1,1,1,1,1,3,3,3,3,3,3,3,3,2,},,,,,,,,
8,General request - comply,{,1,1,4,4,4,1,1,1,1,0,1,1,1,1,1,0,2,2,1,0,2,0,2,1,1,1,1,3,3,3,3,3,3,3,3,0,},,,,,,,,
9,General request - too late,{,3,3,4,4,4,1,1,1,1,1,1,1,1,1,1,2,0,0,1,2,0,2,0,1,1,1,1,3,3,3,3,3,3,3,3,2,},,,,,,,,
10,General request - fail,{,3,3,4,4,4,1,0,0,1,1,0,1,1,1,1,2,0,0,1,2,0,2,0,1,1,1,1,3,3,3,3,3,3,3,3,2,},,,,,,,,
11,Great festival - comply,{,3,3,4,4,4,1,1,1,1,0,1,1,1,1,1,0,2,2,1,0,2,0,2,1,1,1,1,3,3,3,3,3,3,3,3,0,},,,,,,,,
12,Great festival - too late,{,3,3,4,4,4,1,1,1,1,1,1,1,1,1,1,2,0,0,1,2,0,2,0,1,1,1,1,3,3,3,3,3,3,3,3,2,},,,,,,,,
13,Great festival - fail,{,3,3,4,4,4,1,0,1,1,1,0,1,1,1,1,2,0,0,1,2,0,2,0,1,1,1,1,3,3,3,3,3,3,3,3,2,},,,,,,,,
14,Construction project - comply,{,3,3,4,4,4,1,1,1,1,0,1,1,1,1,1,0,2,2,1,0,2,0,2,1,1,1,1,3,3,3,3,3,3,3,3,0,},,,,,,,,
15,Construction project - too late,{,3,3,4,4,4,1,1,1,1,1,1,1,1,1,1,2,0,0,1,2,0,2,0,1,1,1,1,3,3,3,3,3,3,3,3,2,},,,,,,,,
16,Construction project - fail,{,3,3,4,4,4,1,0,1,1,1,0,1,1,1,1,2,0,0,1,2,0,2,0,1,1,1,1,3,3,3,3,3,3,3,3,2,},,,,,,,,
17,Famine relief - comply,{,3,3,4,4,4,4,1,2,1,0,1,1,1,1,1,0,2,2,1,0,2,0,2,1,1,1,1,3,3,3,3,3,3,3,3,0,},,,,,,,,
18,Famine relief - too late,{,3,3,4,4,4,1,1,1,1,1,1,1,1,1,1,2,0,0,1,2,0,2,0,1,1,1,1,3,3,3,3,3,3,3,3,2,},,,,,,,,
19,Famine relief - fail,{,3,3,4,4,4,4,0,0,1,1,0,1,1,1,1,2,0,0,1,2,0,2,0,1,1,1,1,3,3,3,3,3,3,3,3,2,},,,,,,,,
20,Threat - comply,{,1,1,0,1,1,1,2,1,1,1,1,1,1,1,1,0,2,2,2,2,0,1,1,1,1,1,1,3,3,3,3,3,3,3,3,0,},,,,,,,,
21,Threat - too late,{,3,3,4,4,4,1,1,1,1,1,1,1,1,1,1,2,0,0,1,2,0,2,0,1,1,1,1,3,3,3,3,3,3,3,3,2,},,,,,,,,
22,Threat - fail,{,1,1,0,1,1,1,0,1,1,1,1,1,1,1,1,2,0,0,1,0,2,1,1,1,1,1,1,3,3,3,3,3,3,3,3,2,},,,,,,,,
23,Eg. City falls,{,1,0,1,1,1,1,0,4,1,1,0,4,1,1,1,3,1,1,1,2,0,0,0,0,2,2,0,3,3,3,3,3,3,3,3,1,},,,,,,,,
24,Foreign city conquered,{,1,0,1,1,1,1,0,1,1,0,1,4,1,1,1,3,1,1,1,0,2,4,4,2,0,2,0,3,3,3,3,3,3,3,3,0,},,,,,,,,
25,Trade route becomes available,{,1,1,1,1,1,1,1,1,1,1,1,4,1,1,1,3,1,1,1,0,2,4,4,2,0,2,0,3,3,3,3,3,3,3,3,1,},,,,,,,,
26,Trade route shuts down,{,1,1,0,0,0,0,1,4,1,1,1,4,1,1,1,3,1,1,1,2,0,4,4,0,2,0,2,3,3,3,3,3,3,3,3,1,},,,,,,,,
27,Trade city under siege,{,0,0,0,0,0,0,0,0,1,1,1,4,1,1,1,3,1,1,1,2,0,0,0,0,2,0,2,3,3,3,3,3,3,3,3,1,},,,,,,,,
28,Egyptian city saved,{,2,1,1,1,1,1,1,1,1,0,1,4,1,1,1,3,1,1,2,0,2,0,0,2,0,1,1,3,3,3,3,3,3,3,3,0,},,,,,,,,
29,Distant Battle won,{,1,4,1,1,1,1,1,1,0,0,1,1,1,4,4,3,1,1,1,0,2,3,3,1,1,1,1,3,3,3,3,3,3,3,3,0,},,,,,,,,
30,Distant Battle lost,{,1,4,1,1,1,1,1,1,0,0,1,1,1,4,4,3,1,1,1,2,0,1,1,1,1,1,1,3,3,3,3,3,3,3,3,2,},,,,,,,,
31,Acknowledgement,{,1,1,1,1,1,1,4,1,1,1,1,1,1,1,1,3,1,1,1,2,0,1,1,1,1,1,1,3,3,3,3,3,3,3,3,1,},,,,,,,,
32,Pharaoh attacks,{,1,1,3,3,3,3,3,3,3,3,1,3,3,3,3,3,4,3,3,5,5,3,3,3,3,3,3,3,3,3,3,3,3,3,3,5,},,,,,,,,
33,Egyptian army attacks,{,1,1,3,3,3,3,3,3,3,3,1,3,3,3,3,3,3,4,3,5,5,3,3,3,3,3,3,3,3,3,3,3,3,3,3,5,},,,,,,,,
34,Foreign army attacks,{,1,0,3,3,3,3,3,3,3,3,1,3,3,3,3,3,3,3,4,5,5,3,3,0,2,2,0,3,3,3,3,3,3,3,3,5,},,,,,,,,
35,Kingdom rating increases,{,3,3,4,4,4,4,2,3,3,0,2,3,3,3,3,3,2,2,0,4,4,4,4,4,4,4,3,3,3,3,3,3,3,3,3,0,},,,,,,,,
36,Kingdom rating decreases,{,4,4,4,4,4,4,0,3,3,3,3,3,3,3,3,3,0,0,2,4,4,4,4,4,4,3,4,3,3,3,3,3,3,3,3,2,},,,,,,,,
37,Demand increase,{,3,3,3,3,3,0,3,3,3,3,3,3,3,3,3,3,3,3,3,3,3,4,4,0,2,3,3,3,3,3,3,3,3,3,3,3,},,,,,,,,
38,Demand decrease,{,3,3,3,3,3,3,3,3,3,3,3,3,3,3,3,3,3,3,3,3,3,4,4,2,0,3,3,3,3,3,3,3,3,3,3,3,},,,,,,,,
39,Price increase,{,3,3,3,3,3,0,3,3,3,3,3,3,3,3,3,3,3,3,3,3,3,3,3,4,4,0,2,3,3,3,3,3,3,3,3,0,},,,,,,,,
40,Price decrease,{,3,3,3,3,3,3,3,3,3,3,3,3,3,3,3,3,3,3,3,3,3,3,3,4,4,2,0,3,3,3,3,3,3,3,3,3,},,,,,,,,
41,Wage increase,{,3,3,3,3,3,3,3,3,3,3,3,3,3,3,3,3,3,3,3,0,2,3,3,0,2,4,4,3,3,3,3,3,3,3,3,0,},,,,,,,,
42,Wage decrease,{,3,3,3,3,3,0,0,3,3,3,3,3,3,3,3,3,3,3,3,2,0,3,3,2,0,4,4,3,3,3,3,3,3,3,3,3,},,,,,,,,
43,earthquake,{,3,3,3,3,3,3,3,3,3,3,3,3,3,3,3,3,3,3,3,3,3,3,3,3,3,3,3,3,3,3,3,3,3,3,3,0,},,,,,,,,
44,stormy seas,{,3,3,3,3,3,3,3,3,3,3,3,3,3,3,3,3,3,3,3,3,3,3,3,3,3,3,3,3,3,3,3,3,3,3,3,0,}
45,sandstorm,{,3,3,3,3,3,3,3,3,3,3,3,3,3,3,3,3,3,3,3,3,3,3,3,3,3,3,3,3,3,3,3,3,3,3,3,0,}
46,contaminated water,{,3,3,3,3,3,3,3,3,3,3,3,3,3,3,3,3,3,3,3,3,3,3,3,3,3,3,3,3,3,3,3,3,3,3,3,0,}
47,gold mine collapses,{,3,3,3,3,3,3,3,3,3,3,3,3,3,3,3,3,3,3,3,3,3,3,3,3,3,3,3,3,3,3,3,3,3,3,3,0,}
48,flood fails,{,3,3,3,3,3,3,3,3,3,3,3,3,3,3,3,3,3,3,3,3,3,3,3,3,3,3,3,3,3,3,3,3,3,3,3,0,}
49,flood perfect,{,3,3,3,3,3,3,3,3,3,3,3,3,3,3,3,3,3,3,3,3,3,3,3,3,3,3,3,3,3,3,3,3,3,3,3,0,}
50,bedouin attack,{,1,3,3,3,3,3,3,3,3,3,3,3,3,3,3,3,3,3,3,5,0,3,3,3,3,3,3,3,3,3,3,3,3,3,3,0,}
51,gift - refuse,{,3,3,3,3,3,3,3,3,3,3,0,3,3,3,3,3,3,3,3,0,2,3,3,3,3,3,3,3,3,3,3,3,3,3,3,2,}
52,gift - forefeit,{,3,3,3,3,3,3,3,3,3,3,0,3,3,3,3,3,3,3,3,0,2,3,3,3,3,3,3,3,3,3,3,3,3,3,3,0,}
53,gift - accept,{,3,3,0,0,0,0,0,3,3,0,3,3,3,3,3,3,3,3,3,4,0,3,3,3,3,3,3,3,3,3,3,3,3,3,3,4,}
